0.599283111607
0.207599572524
0.317506317365
0.44667550711
0.46505865411
0.379684291558
0.555275891877
0.152281740462
0.083423137566
0.202544710701
0.387265756375
0.13069757272
0.10327625642
0.277474364914
0.117855128579
0.457367030536
0.409393708188
0.560169971433
0.478123853787
0.410059098861
0.407202702618
0.211376739982
0.272695832247
0.143486780351
0.376712377571
0.555245669076
0.556787205645
0.189705751249
0.182381010824
0.0963738495022
0.599202884236
0.148189131412
0.44933942608
0.0488675100893
0.228786861208
0.523069929289
0.518184913002
0.0296805251546
0.145120312343
0.186869626676
0.427945098731
0.0774307308212
0.574842933331
0.366009789652
0.502594874238
0.388774938607
0.48714661657
0.405180286966
0.570251911987
0.198208574664
0.258668182405
0.0738655132287
0.598276973976
0.106729037316
0.172883434763
0.075217277184
0.468294571129
0.0805596867407
0.540819756763
0.2393082652
0.563110379607
0.425226296384
0.551352500011
0.111142926269
0.175847518493
0.388738842752
0.309362342572
0.324263253903
0.0232211324185
0.0110128436801
0.055679940051
0.00845517084711
0.45138144389
0.272272622218
0.545540791773
0.317690249767
0.0208031129781
0.479123804444
0.1457027834
0.118181050776
0.158538166388
0.430089923588
0.490024412481
0.579256311902
0.317936318562
0.476346305826
0.272076653524
0.411850748065
0.240254231432
0.279199495704
0.313241773478
0.268024143215
0.0415276007061
0.36923508099
0.49907632183
0.21620575551
0.417605770502
0.300602889477
0.185871830969
0.148493824579
0.590989250464
0.531708265903
0.0520554918351
0.154147887196
0.0343080748614
0.555618409522
0.516852315853
0.225201807429
0.200612920462
0.114665005762
0.194026950026
0.0187065315706
0.444613050856
0.276803319311
0.0442895428597
0.435450868693
0.351257376359
0.563616554656
0.199564216148
0.133224147678
0.157586273877
0.437427243024
0.451796613347
0.0243058367399
0.334646343986
0.363262384619
0.52890054133
0.358996200598
0.0123387480621
0.345549506539
0.456736687863
0.507497606394
0.100078162177
0.0589964858202
0.139824016519
0.212748462096
0.556476865397
0.100847331969
0.0713148412322
0.255209869947
0.408077919219
0.518477469483
0.135283076816
0.364318556279
0.375442760258
0.194415690955
0.0623905818804
0.314788155745
0.326313411177
0.354417503717
0.40499349368
0.540935048883
0.329875295956
0.376831144301
0.122636949639
0.0825509687056
0.175263362394
0.0491931957
0.0970628051535
0.0625243914109
0.262829496424
0.453141693947
0.148745618125
0.12867548735
0.255748476761
0.165706983356
0.0805099230608
0.508007622641
0.00658701020586
0.00509861572035
0.599936728907
0.259677518631
0.481596665565
0.531635395996
0.24824021808
0.465840628866
0.338312745072
0.449891183542
0.489041822338
0.096963978937
0.195318259621
0.581235473756
0.352309954061
0.460764665963
0.28998830977
0.0226625268086
0.10784752622
0.476959694732
0.337434685817
0.403286277889
0.354655980169
0.158894034724
0.152594602032
0.277552440868
0.443068549423
0.269906056025
0.32269974937
0.0391950297071
0.000838790652099
0.410405144132
0.122679515361
0.42042609159
0.205377339172
0.557448138384
0.545830367423
0.00825790567499
0.315854853745
0.245365324612
0.233212055875
0.440386334537
0.556380085145
0.486859191378
0.409491133302
0.211252574445
0.258617968553
0.393879741748
0.325426559262
0.523645902788
0.100321802738
0.340957555392
0.049723060113
0.420849165076
0.435355667905
0.207221481775
0.160769381189
0.515303865969
0.454927923117
0.0155098526699
0.153844968257
0.0605256234594
0.284668026039
0.245128479738
0.199988513167
0.137531374566
0.083160788231
0.263222140882
0.488635225216
0.47075103893
0.27604927303
0.576504989251
0.151925936845
0.0576812792706
0.235043325516
0.459181160156
0.489553234458
0.556174175215
0.500808537822
0.123735285036
0.209150216359
0.290264454888
0.107929638853
0.0153965494098
0.124452375539
0.0734145494698
0.00057956978379
0.254397736598
0.502856149639
0.254133867071
0.48499165526
0.589036163181
0.306856153536
0.0516748063562
0.334589837361
0.453935104052
0.233404759535
0.562774934581
0.0364044465185
0.347961220953
0.544717732275
0.346773965437
0.487794062172
0.0345341665571
0.299043549636
0.308391970976
0.256206501146
0.33534520758
0.470184571179
0.0154561782539
0.553436080524
0.106960998847
0.547762370304
0.573375757636
0.492313789678
0.516422921541
0.396447022894
0.204189724624
0.329675526165
0.210359224094
0.390175942438
0.547831832561
0.548962809636
0.229816747785
0.354267902095
0.599332464201
0.168373403065
0.280633199124
0.366774080711
0.237663860074
0.216275611609
0.175921405087
0.57070430416
0.369581703502
0.394978255451
0.12985344015
0.236187460153
0.529694155897
0.541960148035
0.257716804741
0.492799494815
0.307495026074
0.0241466996828
0.00214192814472
0.416158605708
0.225610126071
0.561990139947
0.507293261948
0.41296437276
0.58388395012
0.218514218445
0.079030731133
0.0319575207321
0.22216371275
0.167311246924
0.421460735892
0.34469127575
0.250307294357
0.229620597913
0.519288702093
0.327386180036
0.0233675671205
0.411999039673
0.447146618618
0.121250985389
0.42915312644
0.369932413785
0.328037056242
0.0758501490181
0.397479321192
0.0304476384493
0.226783715487
0.144544771911
0.194655721095
0.384625529423
0.220054879901
0.338594708758
0.517531626675
0.452113528248
0.119686321316
0.190914259781
0.463261277382
0.482726568478
0.475112304198
0.509042623682
0.294055111347
0.291454621048
0.499760587054
0.260479343318
0.336771616662
0.45576596424
0.221508423339
0.319713211899
0.137590524178
0.0287186090542
0.449997463301
0.0742506956657
0.418344940078
0.516539393946
0.474146056968
0.146324978829
0.248717017259
0.251560887715
0.450838668399
0.495851279255
0.286301770423
0.29471851392
0.201252828278
0.494279257878
0.45806709958
0.379622933845
0.341294171189
0.128030179132
0.112554433178
0.463445054238
0.00824491210011
0.538321912046
0.337826388791
0.182562946852
0.357262930824
0.174602833885
0.0727942486952
0.490523243732
0.187366897144
0.311873115926
0.476691432914
0.506882908565
0.170612006952
0.00608034377139
0.0352454964729
0.0242220784093
0.142121401707
0.22311079352
0.171154967907
0.0896667504992
0.421111918401
0.498246623473
0.518768553695
0.5603338869
0.475085411202
0.515774439383
0.366230550066
0.0945612463342
0.38619479277
0.544065701948
0.187856048676
0.220983077689
0.251140072049
0.43637081901
0.400821698246
0.458649107966
0.487542349601
0.471755523671
0.199684670907
0.263063137275
0.491902869726
0.397153615484
0.0820182885389
0.0815705455052
0.0082830978914
0.526914597618
0.0242900891909
0.363707970955
0.0297830104944
0.444482341382
0.47134964659
0.2539241005
0.450432436889
0.543436999111
0.598267755614
0.197827099965
0.581833615638
0.532935523398
0.474578395963
0.316339275425
0.323844624163
0.270033941572
0.0159002516679
0.54196068959
0.35877373305
0.579237447801
0.0384091125133
0.125957254936
0.117880461211
0.316941593003
0.493579722675
0.384609359891
0.326890989949
0.584223742698
0.50550367824
0.565608799769
0.0470198433791
0.530733110822
0.345817169733
0.311594099118
0.0307727094528
0.269672665707
0.182403758014
0.40382022155
0.399870298676
0.0321216286959
0.0882718467406
0.0800866694095
0.136336758936
0.59431216073
0.129542778537
0.0696772890637
0.431090932206
0.011900155797
0.491520358368
0.0769453979067
0.135703708542
0.0442712882181
0.534881531747
0.445630851267
0.540465121706
0.43783673509
0.0868939801444
0.199661540264
0.200422554325
0.264783487375
0.407531066508
0.258262830033
0.477162369327
0.13642268225
0.109451247798
0.164808142106
0.125597809361
0.241840064397
0.379504457018
0.332345965986
0.012596470279
0.498299869597
0.575092451729
0.41581524697
0.234152943575
0.543067643871
0.162474492309
0.452747926497
0.37172351336
0.32473579875
0.337134769734
0.183922747092
0.53203242591
0.451870708339
0.438866659621
0.280494813829
0.56989786469
0.283946170144
0.214067482171
0.500767740108
0.356917993383
0.0624900934232
0.00239068184659
0.0425907891133
0.420999133973
0.228647369466
0.470837368993
0.523591630104
0.422832702898
0.113435697291
0.164762674585
0.147046735614
0.165957019822
0.127247404493
0.462156021461
0.050421801286
0.106765605473
0.197858932957
0.0457420195788
0.55525347053
0.00422434038588
0.137780078978
0.113890431608
0.095389163415
0.156913453931
0.00876232084538
0.112921529353
0.574946620247
0.0536445943787
0.334605670161
0.10337259533
0.585676949168
0.185673871961
0.0717298807283
0.523504315527
0.547620314809
0.413733447202
0.272485386579
0.489792012395
0.0307367420612
0.159487180855
0.399254167365
0.342223290333
0.221641817395
0.523479342517
0.0718869579799
0.315053031591
0.174170442435
0.530780760445
0.340058687779
0.0650367647309
0.450483932791
0.117828058854
0.101860987531
0.309522800893
0.333073190742
0.556347597848
0.201632011954
0.32345415609
0.53306591517
0.314410334622
0.556107771137
0.164892181132
0.356866981813
0.130722433294
0.148632611918
0.48174744704
0.115766635466
0.405137701949
0.291612731103
0.233373115802
0.253851989378
0.42424032512
0.172778090967
0.438761336878
0.00312891777072
0.120629426545
0.255332583318
0.313627376434
0.301647391462
0.549655214369
0.320123323507
0.288337064153
0.0396932291145
0.15891790799
0.522609616203
0.120043230841
0.0612017064086
0.361123702822
0.484191393139
0.357262688311
0.174929118169
0.0564454691666
0.402052521145
0.308737897446
0.0970227474477
0.0725036006509
0.0415739760266
0.263861275243
0.265979916785
0.548378583667
0.571017134681
0.369112161313
0.0367153559109
0.155356199667
0.284018903643
0.59318694629
0.0545405014012
0.197869076062
0.476613694395
0.0985494272439
0.390614288783
0.152700528935
0.266714941408
0.111369186
0.541965746564
0.387523819457
0.0156574372426
0.562731857592
0.581734847738
0.441151697589
0.349981743062
0.281193265401
0.0553847670434
0.370841977117
0.148363269413
0.101916167158
0.0317339257168
0.252481034002
0.553328431013
0.438275884919
4.28285184567e-05
0.34584448103
0.302344589262
0.409372813637
0.195020089174
0.373231311352
0.31414852694
0.0888597762742
0.246270642481
0.0938279748665
0.132590223652
0.114432426653
0.24544939327
0.528808850751
0.455394614755
0.0784254942495
0.213756173182
0.362282575387
0.123915293769
0.0035026886831
0.116375954927
0.350472143784
0.422579805014
0.443255285294
0.242599020468
0.521043448407
0.262698345437
0.0340411155381
0.552660276515
0.22014413964
0.29289467752
0.0605144131526
0.315756517304
0.469029152713
0.0442141044125
0.191161762256
0.199746484719
0.254648108248
0.05839652626
0.142524372221
0.114513975971
0.552775629826
0.42401539044
0.0616514166201
0.132369035772
0.231277256476
0.571152760705
0.414459722159
0.357188334523
0.12723188718
0.184792590362
0.334282506772
0.103149707428
0.393322828758
0.267900367927
0.589537039639
0.457121587915
0.281499497714
0.495972444325
0.208459859431
0.0114583100676
0.514319464484
0.306487396553
0.594176794503
0.497395329195
0.341869319316
0.311979760386
0.384698020206
0.0728180115646
0.277698199201
0.119848162275
0.0343312213538
0.32917363982
0.505625061531
0.107046249481
0.181380685457
0.359247486818
0.100914426289
0.199818616635
0.383926859801
0.050097625625
0.0427397701615
0.492330654883
0.52971058591
0.500718978159
0.173586905124
0.199973909605
0.229247983617
0.505526920782
0.522019199465
0.396772320251
0.371988317749
0.134237132141
0.574799612174
0.315746069667
0.0374202112827
0.479945389832
0.0872918157691
0.58970028477
0.0247157673881
0.0475646097051
0.168919622625
0.00021780013283
0.508074763116
0.335117633817
0.16229217447
0.211993153121
0.575318767832
0.348684779119
0.0689488105432
0.454569374654
0.106830321965
0.237051295848
0.0544101063941
0.562559364902
0.0380925664966
0.488090717229
0.0414532971077
0.147070344047
0.176920247221
0.228986238044
0.0505770823096
0.28270977005
0.524177152164
0.439164037526
0.0423383892147
0.412053096987
0.179790384458
0.220072115017
0.47686805004
0.238793348774
0.481016234622
0.216667396724
0.504933524061
0.186957354637
0.0322461076645
0.0981963915628
0.423880249223
0.0963285196401
0.270263729002
0.392391145905
0.474124554464
0.467413402256
0.296214682136
0.108082575557
0.0395174177984
0.0253284809322
0.527724836402
0.0817466814125
0.346677785132
0.519414419451
0.0274136129874
0.240683689816
0.415537692487
0.394201434836
0.0627668665155
0.2185543603
0.521670540973
0.409982268106
0.125724114619
0.559857577058
0.0527186412423
0.165911012911
0.401633605296
0.290825386096
0.113542627321
0.51791055044
0.336814624481
0.476797036454
0.0437553200976
0.0548586635165
0.073062618547
0.0622738964209
0.12859728278
0.153029691793
0.378193444004
0.540607555092
0.534664220519
0.0244374665031
0.308339250026
0.41948004169
0.34301471919
0.141775023919
0.00291512449557
0.387666342202
0.0196814812718
0.542235049516
0.449582910054
0.47788632259
0.526439915295
0.127927586906
0.20012070521
0.311360195963
0.449757705713
0.178880921824
0.125128055007
0.361759908968
0.210215740087
0.576974731511
0.142708702173
0.597941991336
0.389331860389
0.566938823427
0.409908827177
0.444260437958
0.447241877157
0.0867507597156
0.245268002362
0.42034572303
0.410347586927
0.142385327036
0.321951618321
0.221685297865
0.466143130294
0.185455216911
0.416579803002
0.190157575331
0.0415161195318
0.289636998488
0.27609147872
0.266539368674
0.442705330517
0.0518449871371
0.286112489099
0.131724128887
0.183232833921
0.0903294006049
0.137381217891
0.479337841106
0.576872351143
0.341035691281
0.383741959734
0.5488587548
0.0786428350653
0.36815325205
0.578429487613
0.353833257875
0.0796482316663
0.40362103169
0.434920833462
0.443723170799
0.0826003743914
0.562353266477
0.592675282427
0.307422024951
0.331238470301
0.156732726732
0.248560039761
0.372217401862
0.0797943151499
0.332778215515
0.240407614148
0.137071504685
0.29294093499
0.31501378858
0.276781364572
0.345874704475
0.592764606845
0.198059990429
0.381104871687
0.0462994204848
0.509702583179
0.256417223368
0.0315604061798
0.510925587531
0.0562594246751
0.354014800851
0.273267400303
0.53522853169
0.265519289696
0.424292724542
0.0557753689061
0.0225055122802
0.00297501384217
0.523574133009
0.338192776483
0.587523160042
0.489732130811
0.199070660745
0.224623260135
0.165956035542
0.290283045309
0.298860028574
0.50304851635
0.591999341686
0.364698748452
0.167540342104
0.498197504203
0.248895037729
0.323819282326
0.241431221987
0.599191260976
0.595835951961
0.510648168953
0.573715319958
0.502809164691
0.00476758150524
0.55835223008
0.274630379876
0.267100824955
0.264734105689
0.455188388065
0.38980295314
0.128961698763
0.432711709397
0.216612861115
0.490046491154
0.318699781486
0.563923065122
0.156364323231
0.184587803511
0.0384796743974
0.0130622781995
0.178316230726
0.429837687939
0.00684245725957
0.563123156378
0.546196103947
0.430127217607
0.473156044685
0.217865220335
0.334598209156
0.452471016523
0.325219357325
0.499997599347
0.0774679427183
0.555066097908
0.357248301079
0.382690245743
0.243471846024
0.308087530653
0.257765191613
0.109644017005
0.522038255896
0.0203954857288
0.253662339149
0.337097272862
0.0969739892664
0.516925172333
0.15236784944
0.420588431935
0.0301776678673
0.269801632365
0.253152421404
0.171672751084
0.380252452424
0.124665208898
0.576398629441
0.0810870483711
0.37628482813
